21.9
21.9
21.9
21.9
21.9
21.9
21.9
21.9
21.9
21.9
21.9
21.9
21.9
21.9
21.9
22
21.9
21.9
21.9
21.9
21.9
21.9
21.9
21.9
21.9
21.9
21.9
21.9
21.9
21.9
21.9
21.9
21.9
21.9
21.9
21.9
22.1
21.9
22.1
22
22
22.2
22.2
22.2
22.3
22.3
22.3
22.4
22.5
22.5
22.6
22.7
22.7
22.7
22.7
22.8
22.9
22.9
22.9
23
23
23.2
23.1
23.3
23.3
23.3
23.3
23.4
23.4
23.4
23.4
23.6
23.6
23.6
23.7
23.8
23.8
23.8
23.8
23.9
23.9
23.9
23.9
23.9
24
24
24
24.1
24.1
24.1
24.1
24.2
24.2
24.2
24.2
24.4
24.5
24.4
24.4
24.4
24.4
24.4
24.4
24.5
24.5
24.5
24.5
24.7
24.6
24.6
24.7
24.7
24.7
24.8
24.8
24.7
24.8
24.8
24.9
24.8
24.9
24.9
24.8
24.8
24.8
24.8
24.8
24.8
24.8
24.8
24.8
24.8
25.1
24.9
24.9
25.1
24.9
25
24.9
24.9
24.9
24.9
25.1
25
25.1
25.1
25.2
25.1
25.1
25.1
25.1
25.2
25.1
25.1
25.1
25.1
25.2
25.1
25.1
25.1
25.2
25.2
25.1
25.1
25.2
25.2
25.2
25.2
25.2
25.4
25.2
25.2
25.2
25.2
25.2
25.2
25.3
25.4
25.2
25.2
25.3
25.3
25.2
25.2
25.3
25.2
25.2
25.3
25.2
25.2
25.2
25.3
25.3
25.2
25.2
25.4
25.3
25.3
25.3
25.3
25.3
25.4
25.3
25.3
25.5
25.3
25.3
25.3
25.7
25.3
25.3
25.3
25.3
25.3
25.3
25.4
25.3
25.3
25.3
25.4
25.4
25.3
25.3
25.4
25.7
25.4
25.3
25.4
25.4
25.4
25.3
25.4
25.4
25.4
25.3
25.4
25.5
25.4
25.4
25.4
25.4
25.4
25.4
25.5
25.4
25.4
25.4
25.4
25.4
25.4
25.4
25.4
25.3
25.7
25.7
25.3
25.4
25.4
25.4
25.4
25.4
25.4
25.4
25.4
25.4
25.4
25.4
25.4
25.4
25.4
25.4
25.5
25.4
25.4
25.5
25.4
25.4
25.4
25.4
25.4
25.4
25.4
25.5
25.4
25.5
25.4
25.5
25.4
25.4
25.4
25.4
25.4
25.4
25.7
25.4
25.4
25.4
25.4
25.4
25.4
25.5
25.4
25.7
25.4
25.4
25.4
25.4
25.4
25.4
25.4
25.4
25.4
25.4
25.4
25.4
25.4
25.4
25.4
25.4
25.4
25.5
25.7
25.4
25.4
25.4
25.4
25.4
25.4
25.4
25.4
25.4
25.4
25.4
25.4
25.4
25.4
25.7
25.4
25.4
25.4
25.4
25.4
25.7
25.4
25.4
25.4
25.4
25.4
25.4
25.4
25.4
25.6
25.4
25.7
25.4
25.4
25.4
25.4
25.4
25.4
25.4
25.4
25.4
25.4
25.4
25.4
25.4
25.4
25.4
25.7
25.7
25.4
25.4
25.4
25.4
25.4
25.4
25.4
25.4
25.3
25.4
25.3
25.4
25.4
25.4
25.3
25.4
25.4
25.4
25.3
25.4
25.5
25.4
25.7
25.4
25.4
25.5
25.4
25.4
25.4
25.4
25.4
25.3
25.3
25.4
25.4
25.4
25.4
25.4
25.4
25.3
25.4
25.4
25.4
25.4
25.4
25.4
25.4
25.3
25.4
25.4
25.4
25.4
25.4
25.4
25.7
25.4
25.3
25.4
25.3
25.4
25.4
25.4
25.5
25.3
25.3
25.4
25.4
25.4
25.7
25.4
25.4
25.4
25.3
25.3
25.6
25.4
25.4
25.4
25.4
25.4
25.4
25.3
25.4
25.4
25.3
25.3
25.6
25.3
25.6
25.3
25.3
25.3
25.5
25.3
25.3
25.3
25.3
25.4
25.3
25.3
25.3
25.4
25.3
25.7
25.3
25.3
25.3
25.3
25.3
25.2
25.3
25.3
25.3
25.4
25.3
25.2
25.3
25.3
25.3
25.3
25.3
25.3
25.4
25.3
25.2
25.3
25.2
25.3
25.3
25.3
25.3
25.4
25.3
25.3
25.3
25.2
25.3
25.2
25.2
25.3
25.4
25.2
25.3
25.3
25.3
25.3
25.2
25.3
25.3
25.4
25.3
25.3
25.3
25.3
25.2
25.3
25.2
25.3
25.4
25.5
25.2
25.2
25.3
25.2
25.4
25.2
25.3
25.2
25.3
25.2
25.3
25.3
25.2
25.2
25.4
25.3
25.2
25.4
25.2
25.2
25.2
25.2
25.5
25.2
25.3
25.2
25.3
25.2
25.2
25.3
25.2
25.3
25.2
25.3
25.5
25.2
25.3
25.2
25.3
25.2
25.3
25.2
25.2
25.2
25.2
25.4
25.2
25.2
25.2
25.2
25.4
25.2
25.2
25.2
25.2
25.5
25.2
25.2
25.3
25.2
25.2
25.2
25.2
25.2
25.2
25.2
25.2
25.3
25.3
25.2
25.2
25.2
25.2
25.3
25.2
25.4
25.2
25.3
25.2
25.4
25.2
25.2
25.2
25.2
25.2
25.2
25.2
25.2
25.2
25.4
25.3
25.2
25.2
25.2
25.3
25.2
25.2
25.2
25.3
25.4
25.3
25.2
25.2
25.3
25.4
25.2
25.2
25.2
25.2
25.2
25.2
25.3
25.2
25.2
25.2
25.2
25.2
25.2
25.2
25.2
25.2
25.2
25.2
25.2
25.2
25.2
25.2
25.2
25.2
25.2
25.2
25.2
25.2
25.2
25.3
25.2
25.2
25.4
25.2
25.2
25.2
25.2
25.2
25.4
25.2
25.2
25.2
25.2
25.2
25.4
25.2
25.2
25.2
25.2
25.2
25.2
25.2
25.4
25.2
25.2
25.2
25.2
25.2
25.2
25.2
25.2
25.2
25.2
25.2
25.2
25.2
25.2
25.2
25.2
25.4
25.2
25.2
25.4
25.2
25.2
25.4
25.2
25.2
25.2
25.2
25.2
25.2
25.2
25.2
25.2
25.2
25.2
25.2
25.4
25.2
25.2
25.2
25.2
25.2
25.2
25.2
25.2
25.2
25.2
25.2
25.2
25.2
25.2
25.2
25.2
25.2
25.3
25.2
25.3
25.2
25.2
25.2
25.2
25.2
25.2
25.2
25.2
25.2
25.2
25.2
25.2
25.2
25.2
25.2
25.2
25.2
25.2
25.2
25.2
25.2
25.2
25.2
25.2
25.2
25.4
25.2
25.2
25.2
25.2
25.2
25.2
25.2
25.2
25.2
25.2
25.2
25.2
25.2
25.2
25.2
25.1
25.2
25.2
25.2
25.2
25.2
25.2
25.2
25.2
25.2
25.2
25.2
25.2
25.2
25.2
25.2
25.4
25.2
25.2
25.2
25.2
25.2
25.2
25.2
25.2
25.2
25.2
25.2
25.2
25.2
25.2
25.2
25.2
25.2
25.2
25.2
25.2
25.2
25.2
25.2
25.2
25.2
25.4
25.2
25.2
25.2
25.2
25.4
25.2
25.2
25.2
25.2
25.2
25.2
25.2
25.2
25.2
25.2
25.2
25.2
25.3
25.2
25.2
25.2
25.2
25.2
25.1
25.2
25.2
25.2
25.2
25.2
25.2
25.2
25.2
25.2
25.2
25.2
25.2
25.2
25.2
25.4
25.1
25.2
25.2
25.2
25.2
25.3
25.2
25.1
25.2
25.2
25.2
25.1
25.1
25.2
25.1
25.3
25.2
25.1
25.2
25.2
25.1
25.2
25.2
25.1
25.1
25.2
25.2
25.1
25.2
25.1
25.2
25.2
25.1
25.1
25.1
25.3
25.1
25.2
25.1
25.3
25.2
25.1
25.1
25.1
25.2
25.1
25.1
25.1
25.1
25.2
25.2
25.1
25.1
25.1
25.1
25.1
25.2
25.2
25.1
25.1
25.1
25.1
25.1
25.2
25.1
25.4
25.1
25.1
25.1
25.2
25.1
25.2
25.2
25.1
25.3
25.1
25.1
25.1
25.1
25.1
25.1
25.1
25.1
25.1
25.1
25.1
25.1
25.1
25.1
25.1
25.1
25.3
25.1
25.1
25.1
25.1
25.1
25.2
25.1
25.1
25.1
25.1
25.1
25.1
25.1
25.3
25.1
25.1
25.1
25.1
25.1
25.1
25.1
25.1
25.1
25.3
25.1
25.1
25.1
25.1
25.1
25.1
25.1
25.1
25.2
25.1
25.1
25.1
25.1
25.1
25.1
25.1
25.1
25.1
25.1
25.1
25.1
25.1
25.1
25.2
25.2
25.1
25.1
25
25.1
25
25.1
25.1
25.1
25.1
25.1
25.1
25.1
25
25.1
25.1
25.2
25.1
25.1
25.1
25.1
25.1
25.1
25.1
25
25.1
25.1
25.1
25.1
25.1
25.1
25.1
25.1
25.1
25.1
25.1
25.1
25.1
25.1
25.2
25
25.1
25.1
25.2
25.1
25.1
25.1
25.1
25.1
25.1
25
25
25.1
25.1
25.1
25.1
25.1
25.1
25.1
25
25.1
25.1
25.1
25.1
25.1
25
25.1
24.9
25
25.1
25
25.1
25.1
25.1
25
25.2
25.1
25
25
25.1
25
25.1
25.1
25
25
25.1
25.1
25
25.1
25.1
25
25.1
25
25.1
25
25.1
25
25
25
25.1
25.1
25
25
25
25.1
25
25
25.1
25.1
25.1
25
25
25
25.2
25
25
25
25.1
25.1
25
25.1
25.2
25
25
25
25
25
25
25.2
25
25
25
25
25
25
25.1
25
25.2
25
25
25
25
25
25.1
25.1
25.1
25
25
25
25
25.1
25.2
25.1
25.1
25
25.2
25
25.1
25
25
25
25
25
25
25.1
25
25.1
25
25.1
25
25.1
25
25.1
25.1
25.2
25.1
25.1
25
25.1
25
25
25.1
25.2
25
25
25
25.2
25
25.1
25
25
24.9
25.1
25.1
25
25
25.1
25
25
25.1
25.1
25
24.9
25
25
25
25
25
25
24.9
25
25
25
25
25
25.2
25.1
25
25
25
25
25
25.2
25
25.1
25
25
25
25.1
25
24.9
24.9
25
25
25
25.2
25
25.2
24.9
25
25
25
24.9
25
25.2
25
25
25.2
25
25
25.2
25.1
24.9
25
25.1
25
25
25
24.9
24.9
24.9
25
25
25
25
25
25.2
24.9
24.9
25
24.9
24.9
25
25
24.9
25
25
24.9
25
25.1
25.1
25
25
25
25
24.9
25
24.9
24.9
25.2
25.1
24.9
25
25
24.9
25
25
24.9
24.9
25
24.9
25.1
25
25
24.9
24.9
24.9
24.9
25
24.9
25.1
25
24.9
24.9
24.9
24.9
24.9
25
24.9
24.9
25
24.9
24.9
25
24.9
24.9
24.9
24.9
24.9
24.9
25.2
25.2
24.9
25.2
25
24.9
25
24.9
24.9
25
24.9
24.9
24.9
24.9
24.9
24.9
24.9
24.9
25.1
25.1
24.9
24.9
24.9
24.9
25
25
24.9
24.9
24.9
24.9
24.9
24.9
24.9
24.9
24.9
24.9
24.9
24.9
24.9
24.9
24.9
24.8
24.9
24.9
24.9
24.9
24.9
24.9
25
24.9
24.9
24.9
24.9
24.9
25.1
24.9
24.9
24.9
25
25
24.9
24.9
24.9
25.2
24.9
24.9
24.9
24.9
25.1
24.9
24.9
24.9
24.9
25.1
24.9
24.9
24.9
24.9
24.9
24.9
25.1
25
25
24.9
24.9
24.9
25
24.9
24.9
24.9
24.9
25
24.9
24.9
24.9
24.9
25
24.9
24.9
24.9
24.9
24.9
24.9
24.9
24.9
24.9
25
24.9
25
24.9
24.9
24.9
25
24.9
24.9
24.9
24.9
24.9
24.8
24.9
24.9
24.9
24.9
24.9
24.9
24.9
24.9
24.9
24.9
24.9
24.9
24.9
24.8
24.9
24.9
24.9
24.9
24.9
24.9
25
24.8
24.9
24.9
24.9
24.8
24.9
24.9
25
25.1
24.9
24.9
24.8
24.8
24.9
24.9
24.9
24.9
24.9
24.8
24.9
25.1
24.9
24.9
24.8
24.9
24.9
24.8
24.9
24.9
24.9
24.9
24.9
25.1
24.9
24.8
24.9
24.8
24.9
24.9
25.1
24.9
24.8
24.8
24.8
24.8
24.8
24.9
24.9
24.9
24.9
24.8
24.8
24.9
24.9
24.9
24.8
24.9
24.9
24.9
24.9
24.9
25
24.8
24.9
24.9
24.9
24.8
24.9
24.9
24.9
24.8
24.9
25
24.8
24.8
24.8
24.9
24.8
24.9
24.8
24.8
24.9
24.8
24.8
24.9
24.8
25
24.8
24.8
24.8
24.8
24.9
24.9
25
25.1
25.1
24.8
24.9
24.8
24.8
24.9
24.9
24.9
24.8
24.9
24.9
24.8
24.9
24.9
24.8
24.8
24.8
24.8
24.8
24.8
25
25
25
24.8
24.9
24.9
24.9
24.8
24.8
24.8
24.8
24.8
24.8
24.8
24.8
24.8
24.8
24.8
24.9
24.8
24.8
24.8
24.8
25
24.8
24.8
24.8
24.8
24.8
24.8
24.8
24.8
24.8
25
24.8
24.8
24.8
24.8
24.8
24.8
24.8
25.1
24.8
24.8
24.8
24.8
24.9
24.8
24.9
24.8
24.8
24.8
24.8
24.8
24.8
24.8
24.8
24.8
24.8
24.8
24.9
24.8
24.8
24.8
24.8
24.8
24.8
24.8
24.8
24.9
24.8
24.8
24.8
24.9
24.8
24.9
24.8
24.8
24.8
24.8
24.8
24.8
24.8
24.8
24.8
24.8
24.9
24.8
24.8
24.8
25
24.8
24.8
24.8
24.9
24.8
24.8
25
24.8
24.8
24.9
24.8
24.8
24.8
24.9
24.9
24.8
24.8
24.8
24.8
24.8
24.8
24.8
24.8
24.8
24.8
24.8
24.8
24.8
24.8
24.8
24.8
24.8
24.8
24.8
24.8
24.8
24.8
24.8
24.8
24.8
25
24.8
24.8
24.8
25
24.8
24.8
24.8
24.8
24.8
24.9
24.8
24.8
24.8
24.8
24.8
24.8
24.9
24.8
24.9
24.8
24.8
24.8
24.8
24.8
24.8
24.8
24.8
24.8
24.9
24.8
24.9
24.8
24.8
24.8
24.8
24.9
24.8
25
24.8
24.8
24.8
24.8
24.8
24.8
24.8
24.8
24.8
24.8
24.8
24.8
24.8
24.8
24.8
24.8
24.8
24.8
24.8
24.8
24.8
24.8
24.8
24.8
24.8
25
24.8
24.8
24.8
24.8
24.8
24.8
24.8
24.9
24.8
24.8
24.8
24.8
