20
20
20
20.2
20
20.3
20.3
20
20.1
20.4
20.2
20.5
20.4
20.5
20.8
20.6
20.9
20.9
21.1
21.2
21.4
21.6
21.7
22
22.1
22.2
22.3
22.5
22.7
23
23.4
23.3
23.5
23.8
23.9
24.1
24.2
24.3
24.5
24.6
24.8
25.1
25.3
25.3
25.5
25.6
25.6
25.7
25.7
25.8
25.9
26.1
26.1
26.1
26.2
26.3
26.3
26.3
26.3
26.3
26.3
26.4
26.4
26.4
26.4
26.5
26.5
26.6
26.5
26.5
26.5
26.6
26.5
26.5
26.8
26.6
26.5
26.5
26.5
26.5
26.7
26.7
26.5
26.5
26.5
26.5
26.5
26.5
26.6
26.5
26.5
26.8
26.5
26.5
26.7
26.7
26.5
26.5
26.8
26.5
26.5
26.6
26.8
26.5
26.7
26.7
26.7
26.5
26.5
26.7
26.8
26.5
26.8
26.6
26.6
26.5
26.6
26.5
26.6
26.7
26.6
26.6
26.7
26.5
26.6
26.6
26.5
26.5
26.6
26.7
26.7
26.7
26.6
26.6
26.6
26.6
26.7
26.7
26.7
26.7
26.6
26.7
26.6
26.6
26.6
26.6
26.6
26.6
26.6
26.6
26.6
26.6
26.7
26.6
26.5
26.5
26.5
26.5
26.8
26.5
26.6
26.6
26.5
26.5
26.5
26.6
26.5
26.5
26.5
26.5
26.8
26.4
26.5
26.4
26.4
26.5
26.6
26.4
26.4
26.4
26.4
