21
21
21
21
21
21
21
21.1
21
21
21
21
21.2
21
21
21.1
21
21
21
21.1
21
21
21
21.1
21.1
21
21
21.1
21.1
21
21.1
21
21.1
21
21.1
21.1
21.1
21.1
21
21.1
21
21
21.3
21
21.1
21.1
21.2
21.1
21.1
21.1
21.2
21.1
21.1
21.1
21.1
21.1
21.1
21.1
21.1
21.1
21.2
21.2
21.2
21.2
21.3
21.2
21.3
21.6
21.3
21.3
21.4
21.3
21.4
21.7
21.6
21.6
21.6
21.7
21.7
22.1
21.8
21.9
22
22
22.1
22.1
22.1
22.2
22.2
22.3
22.3
22.4
22.5
22.5
22.7
22.7
22.7
22.8
23
23
23.1
23.3
23.2
23.2
23.2
23.5
23.4
23.5
23.5
23.5
23.6
23.7
23.8
23.8
23.8
24
24
24.2
24.2
24.2
24.2
24.2
24.3
24.4
24.5
24.7
24.6
24.6
24.6
24.7
25.1
24.9
25.2
25.1
25.1
25.2
25.2
25.3
25.3
25.6
25.3
25.4
25.5
25.5
25.6
25.6
25.6
25.7
25.8
25.7
25.9
25.8
26
26
26.1
26.1
26.2
26.2
26.3
26.3
26.3
26.4
26.5
26.5
26.7
26.7
27.1
26.8
26.9
27
27
27.2
27.2
27.2
27.4
27.4
27.4
27.5
27.7
27.7
27.8
27.9
28
28.1
28.2
28.3
28.3
28.4
28.4
28.5
28.8
28.6
28.6
28.7
28.7
28.9
28.9
29.1
29
29.1
29.1
29.2
29.3
29.4
29.4
29.5
29.6
29.6
29.7
29.8
30
30.1
30.2
30.2
30.3
30.4
30.5
30.5
30.5
30.7
30.7
30.8
30.9
31
31.2
31.1
31.2
31.2
31.3
31.4
31.6
31.5
31.5
31.6
31.6
31.9
31.7
31.8
31.9
32.1
31.9
31.9
32
32.1
32.2
32.2
32.4
32.3
32.3
32.4
32.6
32.7
32.9
32.7
32.7
32.7
32.8
32.9
33
32.9
33
33
33
33.1
33.2
33.1
33.3
33.3
33.3
33.4
33.5
33.4
33.5
33.5
33.6
33.7
33.7
33.7
33.7
33.7
33.8
33.8
33.8
33.8
33.8
33.8
33.9
34
33.9
34
34
34
34.1
34.1
34.1
34.4
34.2
34.1
34.2
34.3
34.1
34.3
34.3
34.2
34.3
34.3
34.3
34.4
34.4
34.3
34.4
34.4
34.4
34.4
34.4
34.4
34.4
34.5
34.5
34.5
34.6
34.8
34.5
34.5
34.4
34.5
34.8
34.5
34.5
34.5
34.5
34.5
34.5
34.5
34.5
34.5
34.8
34.6
34.5
34.8
34.5
34.5
34.5
34.5
34.4
34.4
34.5
34.5
34.6
34.4
34.4
34.5
34.4
34.5
34.4
34.4
34.5
34.4
34.4
34.4
34.4
34.4
34.4
34.5
34.4
34.5
34.4
34.4
34.4
34.3
34.3
34.3
34.4
34.3
34.5
34.3
34.3
34.2
34.2
34.3
34.1
34.5
34.2
34.2
34.1
34.2
34.2
34.1
34.1
34.1
34.1
34.4
34.1
34.1
34
34.4
34.1
34
34
34
34
34.2
34
34.1
34
34
34
34
34
34
34.3
34
34
34
34
34.3
34
34
34
34.2
34
34
33.9
33.9
33.9
33.8
33.8
33.9
34.1
33.8
33.8
33.8
33.8
33.8
33.8
33.8
33.8
33.9
33.8
33.8
33.8
33.8
33.8
34
33.8
33.8
33.8
33.8
33.8
33.8
33.8
33.8
33.8
33.7
33.8
34
33.8
33.7
33.8
33.9
33.7
33.7
33.7
33.8
33.7
33.7
33.7
33.7
33.7
33.7
33.6
33.6
33.6
33.6
33.5
33.5
33.5
33.6
33.5
33.6
33.4
33.6
33.4
33.4
33.4
33.4
33.4
33.4
33.4
33.4
33.4
33.4
33.6
33.4
33.4
33.4
33.3
33.4
33.3
33.4
33.3
33.3
33.3
33.3
33.7
33.3
33.3
33.4
33.3
33.3
33.3
33.6
33.3
33.3
33.3
33.4
33.3
33.3
33.3
33.3
33.6
33.3
33.3
33.4
33.3
33.3
33.3
33.3
33.3
33.3
33.2
33.3
33.1
33.3
33.2
33.2
33.1
33.2
33.4
33.2
33.2
33.2
33.2
33.2
33.1
33.4
33.1
33.1
33.2
33.1
33.1
33.1
33
33.1
33
33
33.1
33.3
33.1
33
33
33
33
33.1
33
33
33
33
33
33
33
33
33.1
33
33
33
33.2
33
33
33
33
33
33
33
32.9
33
33.3
33
33
33
33
32.9
33
33
32.9
32.9
33.1
32.9
32.9
33
32.9
32.9
33
32.9
32.9
32.9
32.9
33.1
32.9
32.9
33
32.9
32.9
32.9
32.9
32.9
33
33.2
32.9
32.9
33.1
32.9
32.8
32.9
32.9
32.9
32.9
32.9
32.9
32.8
32.8
32.9
32.8
33.1
32.8
32.9
32.8
32.8
32.9
33
32.8
32.8
32.8
32.8
32.8
32.8
32.9
33
32.8
32.8
32.8
32.8
32.9
32.8
32.8
32.8
32.8
33
32.8
32.8
32.8
32.8
32.8
32.8
33
32.8
32.8
32.8
32.8
32.8
32.8
32.8
32.8
33
32.8
32.8
32.8
32.8
32.8
32.9
32.7
32.8
32.8
32.8
32.7
33
32.7
32.9
32.7
32.7
32.7
32.7
32.7
32.7
32.7
32.7
33
32.7
32.7
32.7
32.9
32.7
32.7
32.7
32.7
32.7
32.8
32.7
32.9
32.7
32.7
32.7
32.7
32.7
32.7
32.7
32.7
32.7
32.7
32.7
32.7
32.7
32.7
32.7
32.7
32.7
32.7
32.7
32.7
32.7
32.8
32.9
32.7
32.7
32.7
32.9
32.7
32.7
32.7
32.7
32.7
32.7
32.7
32.7
32.7
33
32.7
32.7
32.9
32.7
32.7
32.7
32.7
32.7
32.9
32.7
32.7
32.7
32.7
32.7
32.9
32.7
32.7
32.9
32.7
32.7
32.7
32.6
32.7
32.7
32.7
32.7
32.7
32.7
32.7
32.7
32.7
32.7
32.7
32.7
32.7
32.8
32.7
32.7
32.6
32.6
32.7
32.7
32.7
32.6
32.7
32.7
32.6
32.7
32.6
32.6
32.6
32.7
32.9
32.7
32.6
32.7
32.7
32.7
32.6
32.6
32.9
32.7
32.7
32.7
32.9
32.6
32.6
32.9
32.7
32.7
32.6
32.6
32.6
32.6
32.6
32.6
32.6
32.7
32.6
32.7
32.7
32.7
32.7
32.7
32.9
32.6
32.9
32.9
32.6
32.6
32.6
32.7
32.7
32.7
32.7
32.7
32.6
32.6
32.6
32.9
32.7
32.7
32.6
32.6
32.7
32.6
32.6
32.7
32.6
32.6
32.8
32.6
32.6
32.7
32.7
32.6
32.6
32.6
32.6
32.6
32.6
32.6
32.6
32.7
32.7
32.6
32.6
32.6
32.7
32.6
32.6
32.6
32.6
32.6
32.7
32.6
32.6
32.7
32.6
32.8
32.6
32.6
32.6
32.6
32.6
32.8
32.6
32.6
32.6
32.6
32.6
32.6
32.6
32.6
32.6
32.7
32.6
32.8
32.6
32.6
32.6
32.6
32.6
32.6
32.7
32.6
32.6
32.6
32.8
32.6
32.6
32.6
32.6
32.6
32.6
32.6
32.6
32.7
32.6
32.6
32.7
32.6
32.6
32.6
32.7
32.8
32.6
32.6
32.6
32.6
32.8
32.6
32.7
32.7
32.6
32.6
32.8
32.8
32.6
32.6
32.6
32.6
32.8
32.6
32.6
32.6
32.6
32.6
32.6
32.6
32.6
32.6
32.7
32.6
32.6
32.6
32.6
32.6
32.6
32.6
32.6
32.6
32.6
32.6
32.6
32.6
32.7
32.6
32.6
32.8
32.6
32.6
32.6
32.6
32.9
32.6
32.6
32.8
32.6
32.6
32.6
32.6
32.6
32.6
32.6
32.6
32.6
32.6
32.6
32.6
32.6
32.6
32.6
32.6
32.6
32.8
32.6
32.6
32.8
32.7
32.6
32.6
32.6
32.6
32.6
32.6
32.9
32.6
32.6
32.6
32.6
32.6
32.6
32.6
32.6
32.6
32.5
32.5
32.6
32.6
32.6
32.6
32.5
32.6
32.6
32.6
32.6
32.6
32.6
32.6
32.6
32.6
32.6
32.7
32.5
32.6
32.8
32.8
32.7
32.7
32.6
32.6
32.6
32.6
32.6
32.6
32.6
32.6
32.6
32.6
32.7
32.6
32.6
32.6
32.6
32.6
32.6
32.6
32.8
32.5
32.5
32.6
32.6
32.6
32.5
32.5
32.5
32.5
32.6
32.6
32.6
32.5
32.5
32.6
32.5
32.5
32.5
32.5
32.5
32.6
32.5
32.5
32.5
32.7
32.5
32.5
32.5
32.5
32.7
32.5
32.5
32.5
32.5
32.4
32.4
32.5
32.5
32.6
32.6
32.5
32.5
32.5
32.6
32.6
32.4
32.5
32.5
32.6
32.5
32.5
32.4
32.4
32.5
32.4
32.4
32.4
32.4
32.4
32.4
32.6
32.5
32.4
32.4
32.4
32.5
32.5
32.4
32.4
32.6
32.4
32.4
32.4
32.4
32.6
32.5
32.7
32.4
32.7
32.7
32.4
32.4
32.4
32.4
32.4
32.4
32.4
32.4
32.4
32.5
32.4
32.4
32.4
32.5
32.4
32.4
32.4
32.4
32.4
32.6
32.6
32.6
32.4
32.6
32.5
32.7
32.4
32.7
32.4
32.4
32.7
32.4
32.4
32.4
32.4
32.4
32.4
32.4
32.4
32.4
32.4
32.4
32.4
32.4
32.4
32.6
32.4
32.4
32.4
32.7
32.4
32.4
32.4
32.7
32.4
32.4
32.4
32.4
32.4
32.4
32.4
32.5
32.6
32.5
32.4
32.4
32.4
32.4
32.4
32.4
32.4
32.4
32.4
32.4
32.6
32.3
32.4
32.4
32.6
32.6
32.4
32.4
32.4
32.4
32.4
32.4
32.4
32.7
32.4
32.3
32.4
32.7
32.3
32.4
32.4
32.4
32.6
32.7
32.4
32.4
32.4
32.4
32.4
32.3
32.4
32.4
32.4
32.4
32.4
32.4
32.4
32.4
32.3
32.3
32.4
32.4
32.4
32.4
32.4
32.4
32.3
32.6
32.3
32.4
32.4
32.3
32.4
32.4
32.3
32.4
32.4
32.4
32.4
32.5
32.4
32.3
32.4
32.4
32.4
32.4
32.7
32.3
32.3
32.3
32.4
32.4
32.4
32.6
32.4
32.3
32.4
32.3
32.4
32.4
32.4
32.3
32.4
32.3
32.4
32.3
32.4
32.4
32.4
32.7
32.3
32.3
32.3
32.4
32.3
32.4
32.3
32.7
32.3
32.3
32.3
32.4
32.4
32.3
32.3
32.4
32.3
32.3
32.3
32.3
32.4
32.4
32.3
32.3
32.3
32.3
32.4
32.3
32.4
32.3
32.3
32.3
32.3
32.3
32.3
32.4
32.6
32.3
32.3
32.3
32.3
32.3
32.3
32.3
32.5
32.3
32.3
32.3
32.2
32.4
32.3
32.4
32.3
32.3
32.4
32.3
32.3
32.3
32.3
32.4
32.3
32.3
32.3
32.4
32.3
32.3
32.3
32.3
32.3
32.3
32.6
32.6
32.3
32.3
32.3
32.3
32.3
32.3
32.3
32.3
32.4
32.3
32.2
32.3
32.3
32.3
32.3
32.3
32.3
32.4
32.6
32.5
32.3
32.3
32.3
32.3
32.3
32.4
32.3
32.3
32.3
32.3
32.3
32.3
32.3
32.5
32.3
32.4
32.3
32.3
32.2
32.3
32.6
32.3
32.2
32.3
32.3
32.3
32.4
32.3
32.3
32.3
32.3
32.3
32.4
32.3
32.3
32.2
32.4
32.3
32.6
32.6
32.2
32.3
32.2
32.3
32.2
32.3
32.5
32.3
32.3
32.2
32.2
32.2
32.3
32.2
32.2
32.2
32.2
32.2
32.3
32.2
32.2
32.3
32.2
32.2
32.2
32.2
32.3
32.2
32.3
32.2
32.2
32.6
32.6
32.2
32.2
32.2
32.2
32.2
32.2
32.2
32.3
32.2
32.2
32.2
32.2
32.2
32.2
32.2
32.2
32.2
32.2
32.2
32.2
32.2
32.3
32.2
32.2
32.2
32.2
32.2
32.2
32.4
32.4
32.2
32.2
32.3
32.2
32.2
32.2
32.4
32.2
32.3
32.2
32.2
32.2
32.2
32.2
32.2
32.2
32.2
32.2
32.4
32.2
32.3
32.2
32.2
32.2
32.2
32.2
32.2
32.2
32.2
32.2
32.2
32.2
32.2
32.2
32.2
32.2
32.2
32.2
32.2
32.2
32.2
32.2
32.2
32.2
32.2
32.2
32.2
32.2
32.2
32.2
32.2
32.2
32.2
32.2
32.2
32.2
32.2
32.2
32.2
32.2
32.2
32.1
32.2
32.2
32.2
32.2
32.2
32.2
32.2
32.2
32.1
32.2
32.5
32.2
32.2
32.1
32.4
32.2
32.1
32.2
32.2
32.2
32.4
32.2
32.2
32.2
32.2
32.2
32.2
32.1
32.2
32.2
32.1
32.2
32.2
32.2
32.1
32.2
32.2
32.2
32.2
32.2
32.1
32.3
32.2
32.2
32.1
32.2
32.2
32.4
32.1
32.2
32.4
32.1
32.4
32.2
32.2
32.1
32.2
32.4
32.1
32.2
32.1
32.1
32.3
32.2
32.2
32.1
32.2
32.2
32.1
32.1
32.1
32.2
32.3
32.2
32.2
32.1
32.2
32.2
32.1
32.1
32.1
32.2
32.1
32.2
32.2
32.1
32.2
32.1
32.2
32.1
32.1
32.1
32.3
32.1
32.1
32.3
32.1
32.2
32.1
32.1
32.1
32.4
32.1
32.1
32.1
32.1
32.4
32.1
32.1
32.2
32.2
32.2
32.2
32.4
32.2
32.1
32.1
32.1
32.2
32.2
32.1
32.4
32.1
32.1
32.2
32.1
32.1
32.1
32.1
32.1
32.1
32.1
32.1
32.2
32.1
32.1
32.1
32.3
32.2
32.1
32.1
32.1
32.1
32.1
32.1
32.1
32.1
32.1
32.1
32.1
32.1
32.1
32.1
32.1
32.1
32.1
32.2
32.1
32.3
32.1
32.1
32.1
32.1
32.1
32
32.1
32.1
32.1
32.1
32.1
32.1
32.1
32
32.1
32.1
32.1
32.3
32.1
32.1
32.1
32.1
32
32.1
32.2
32.1
32.1
32.1
32.2
32.3
32.2
32.1
32.1
32.1
32.1
32.2
32.1
32.1
32
32
32.1
32.1
32.4
32
32.1
32
32.1
32
32.3
32.1
32.1
32
32.1
32
32.1
32
32
32.1
32
32.1
32
32.1
32
32.3
32
32
32
32.1
32.1
32
32
32.3
32.1
32.1
32
32
