20
20
20
20.1
20
20.2
20.1
20
20
20.1
20
20.1
20.1
20
20.1
20
20.2
20.1
20.2
20.3
20.4
20.5
20.6
20.8
21
21.1
21.2
21.3
21.5
21.6
21.9
21.8
21.9
21.9
21.9
21.9
21.9
22
22.1
22.2
22.3
22.3
22.3
22.4
22.4
22.5
22.5
22.5
22.6
22.6
22.7
22.7
22.7
22.7
22.8
22.8
22.9
22.9
22.9
22.9
23
23
23.1
23.1
23.2
23.2
23.3
23.4
23.4
23.3
23.4
23.4
23.4
23.5
23.7
23.5
23.6
23.6
23.6
23.7
23.7
23.7
23.8
23.8
23.8
23.8
23.8
23.8
23.9
23.9
23.9
24.1
23.9
23.9
24
24.1
23.9
23.9
24.1
24
24
24
24.1
24
24.1
24.1
24
24
24
24.1
24.2
24.1
24.2
24.1
24
24.1
24.1
24.1
24.1
24.1
24.1
24.1
24.1
24.1
24.1
24.1
24.1
24.1
24.1
24.1
24.1
24.1
24.1
24
24
24
24
24
24
24
24
24.1
24
24
24
24
24
24
24
24
24
24
24
24
24
23.9
24
24
24.1
24
23.9
23.9
23.9
23.9
23.9
23.9
23.9
23.9
23.9
23.9
24.1
23.9
23.9
23.9
23.9
23.9
23.9
24
23.9
23.9
23.9
